80 28
66 29
94 28
49 26
39 23
50 28
6 24
81 28
95 30
52 25
27 29
43 32
9 39
31 26
45 23
27 26
51 32
94 36
25 36
39 23
62 24
18 27
79 31
26 37
50 32
23 32
82 30
95 33
93 25
75 24
64 32
47 22
15 28
8 32
54 22
43 32
22 28
31 35
63 27
58 26
58 33
45 30
39 27
12 31
61 30
44 26
37 28
72 27
36 34
63 25
91 35
44 26
86 31
21 27
46 34
82 23
18 30
35 29
51 34
60 34
0 31
37 39
11 32
52 36
2 32
43 29
36 20
73 23
26 35
78 32
73 32
72 36
57 22
82 29
57 37
84 32
78 31
22 29
0 28
93 32
5 30
68 29
60 22
85 35
40 36
50 31
3 31
43 31
59 30
78 28
33 22
100 29
60 37
72 31
80 24
29 32
22 29
45 19
49 31
60 38
